WITH SPACES:
symbol 	num 	frequency
space	297023	0,17272856
о	162009	0,09421352
е	126830	0,07375578
а	109637	0,06375749
и	96289	0,05599519
т	93717	0,05449949
н	87517	0,05089399
с	75368	0,04382895
в	66264	0,03853468
л	64161	0,03731171
р	57810	0,03361840
м	47396	0,02756232
к	46444	0,02700870
д	45176	0,02627132
у	41234	0,02397892
п	37816	0,02199124
ь	29765	0,01730932
я	29460	0,01713195
г	27432	0,01595260
б	25771	0,01498668
ч	25563	0,01486572
ы	23904	0,01390096
з	21866	0,01271579
ж	15857	0,00922136
й	14347	0,00834325
ш	13784	0,00801585
х	10948	0,00636662
ю	9720	0,00565250
э	5168	0,00300536
ц	4824	0,00280531
щ	4066	0,00236451
ф	2428	0,00141196

bigram frequency matrix:
            а       б       в       г       д       е       ж       з       и       й       к       л       м       н       о       п       р       с       т       у       ф       х       ц       ч       ш       щ       ъ       ы       ь       э       ю       я       _
   а 0,0000080,0005220,0028480,0006640,0017750,0010670,0014830,0029080,0001810,0007710,0055780,0074440,0034120,0031730,0000090,0007730,0019850,0036550,0039630,0000480,0001010,0008190,0000320,0007780,0010260,0002050,0000000,0000000,0000000,0000010,0008840,0015070,016139
   б 0,0005920,0000020,0001370,0000010,0000240,0021180,0000010,0000010,0010360,0000000,0000740,0008050,0000360,0003070,0022120,0000000,0010760,0001780,0000070,0010630,0000000,0000420,0000030,0000300,0000130,0001720,0000000,0037650,0001980,0000000,0000010,0006590,000431
   в 0,0052230,0000130,0000490,0000110,0009300,0050920,0000000,0003820,0034030,0000000,0001370,0007250,0001090,0011470,0067250,0003110,0004990,0037290,0002280,0005170,0000000,0000480,0000220,0001100,0006810,0000140,0000000,0024120,0002370,0000000,0000010,0002410,005538
   г 0,0008970,0000010,0000050,0000000,0012620,0002370,0000000,0000010,0005970,0000000,0000600,0011380,0000100,0002660,0086940,0000000,0009460,0000100,0000020,0004960,0000000,0000000,0000000,0000220,0000060,0000000,0000000,0000000,0000000,0000000,0000010,0000000,001300
   д 0,0051690,0000170,0006470,0000110,0000230,0042310,0000130,0000130,0023260,0000000,0002070,0006690,0002550,0016360,0039550,0000730,0015920,0004390,0001600,0017000,0000000,0000430,0003220,0000780,0000580,0000000,0000000,0004110,0008030,0000000,0000060,0004870,000929
   е 0,0000360,0014420,0010670,0037850,0033440,0013410,0008110,0012480,0001010,0020950,0012200,0050370,0042730,0068910,0002080,0011570,0054430,0042620,0050250,0001340,0000130,0005920,0005510,0010830,0017090,0008330,0000000,0000000,0000000,0000000,0002670,0002550,019534
   ж 0,0011430,0000140,0000000,0000130,0007640,0043350,0000040,0000000,0012730,0000000,0000930,0000160,0000020,0006830,0000310,0000000,0000020,0000050,0000240,0003270,0000000,0000000,0000000,0000090,0000000,0000000,0000000,0000000,0000400,0000000,0000000,0000000,000444
   з 0,0043700,0001480,0008500,0002550,0007010,0002880,0000660,0000100,0003570,0000000,0000800,0002840,0002480,0018560,0006810,0000000,0002490,0000080,0000120,0002370,0000000,0000000,0000020,0000120,0000070,0000000,0000000,0003120,0001290,0000000,0000010,0002630,001289
   и 0,0000850,0006580,0024270,0005470,0014960,0017680,0002760,0018430,0004870,0011680,0021380,0050840,0027660,0027020,0001200,0001830,0006110,0020730,0051750,0000500,0000450,0015090,0006000,0017210,0008650,0001170,0000000,0000000,0000000,0000000,0002900,0009870,018205
   й 0,0000000,0000000,0000000,0000000,0002420,0000000,0000000,0000010,0000000,0000000,0000800,0000050,0000460,0003120,0000020,0000000,0000010,0003370,0003440,0000000,0000010,0000000,0000440,0002210,0001780,0000000,0000000,0000000,0000000,0000000,0000000,0000000,006531
   к 0,0067260,0000000,0001630,0000000,0000150,0004970,0000020,0000010,0022730,0000000,0000060,0005890,0000030,0004870,0074480,0000000,0014530,0002700,0005360,0014480,0000000,0000000,0000110,0000000,0000090,0000000,0000000,0000000,0000010,0000000,0000000,0000000,005072
   л 0,0045030,0000330,0000250,0001840,0000220,0043430,0002710,0000080,0056640,0000000,0002070,0000740,0000060,0002260,0048310,0000240,0000010,0013210,0000560,0013170,0000030,0000000,0000000,0001880,0000010,0000000,0000000,0005710,0037180,0000010,0013150,0012880,007110
   м 0,0023400,0000120,0000000,0000610,0000000,0040420,0000000,0000020,0031660,0000000,0000520,0002060,0000350,0015950,0039150,0000550,0000770,0001520,0000050,0025560,0000010,0000000,0000040,0000290,0000080,0000260,0000000,0009160,0000660,0000000,0000000,0003300,007909
   н 0,0090200,0000020,0000170,0000570,0001760,0102510,0000040,0000190,0062380,0000000,0002440,0000010,0000030,0023900,0095490,0000020,0000660,0002770,0002920,0023240,0000310,0000010,0001650,0002010,0000230,0000960,0000000,0023760,0013720,0000000,0001830,0015140,004001
   о 0,0000020,0033710,0073780,0047450,0044100,0020900,0019530,0010410,0008300,0027610,0018040,0049310,0048130,0053180,0001770,0012200,0053410,0056330,0065580,0000720,0000880,0003320,0000990,0021140,0007480,0001760,0000000,0000000,0000000,0000170,0007180,0005320,024940
   п 0,0013310,0000000,0000000,0000000,0000000,0020670,0000000,0000000,0008390,0000000,0000590,0005800,0000000,0001290,0085170,0000490,0069430,0000280,0000580,0005770,0000010,0000000,0000130,0000280,0000150,0000060,0000000,0001660,0001020,0000000,0000000,0004440,000037
   р 0,0063430,0000730,0003930,0001730,0007190,0052250,0002510,0000540,0051310,0000000,0001880,0000310,0001700,0005570,0067830,0000770,0000080,0001530,0004480,0025990,0001040,0000990,0001420,0000630,0001970,0000120,0000000,0008250,0008970,0000000,0002250,0008970,000782
   с 0,0018980,0000560,0015320,0000190,0001780,0046870,0000130,0000100,0013960,0000000,0028410,0028160,0012510,0007960,0025690,0016220,0001170,0007140,0096520,0008280,0000030,0001900,0000460,0003540,0000940,0000020,0000000,0002840,0024350,0000000,0002790,0036600,003487
   т 0,0054150,0000130,0022800,0000080,0001190,0056730,0000010,0000070,0036850,0000000,0004090,0002030,0000270,0008670,0145450,0000740,0026560,0009530,0000460,0014220,0000010,0000210,0002690,0002600,0000050,0000080,0000000,0017420,0061330,0000010,0001410,0008460,006670
   у 0,0000050,0008900,0006220,0014420,0018180,0002010,0015720,0002460,0000120,0001510,0005940,0010510,0010740,0002010,0000010,0007210,0003970,0010170,0013750,0000010,0000050,0003160,0000050,0008710,0009150,0002520,0000000,0000000,0000000,0000080,0008010,0000500,007366
   ф 0,0001510,0000000,0000000,0000000,0000000,0008440,0000000,0000000,0001170,0000000,0000000,0000160,0000020,0000000,0001040,0000000,0000530,0000050,0000030,0000420,0000200,0000000,0000000,0000000,0000000,0000000,0000000,0000090,0000170,0000000,0000000,0000090,000018
   х 0,0004180,0000000,0001970,0000000,0000000,0000530,0000000,0000000,0001550,0000000,0000010,0001530,0000380,0001310,0020190,0000000,0001330,0000230,0000030,0001080,0000000,0000000,0000010,0000010,0000110,0000000,0000000,0000000,0000000,0000020,0000000,0000000,002922
   ц 0,0007360,0000000,0000250,0000000,0000000,0007920,0000000,0000000,0001440,0000000,0000170,0000000,0000010,0000000,0002240,0000000,0000000,0000000,0000000,0001700,0000000,0000000,0000000,0000000,0000000,0000000,0000000,0001090,0000030,0000000,0000010,0000000,000583
   ч 0,0023590,0000000,0000030,0000000,0000000,0034550,0000000,0000000,0017970,0000000,0004420,0000190,0000020,0006360,0000750,0000000,0001280,0000000,0041640,0006950,0000000,0000000,0000000,0000000,0001060,0000000,0000000,0000000,0002390,0000000,0000000,0000000,000745
   ш 0,0013490,0000000,0000100,0000000,0000000,0021800,0000000,0000000,0015520,0000000,0004390,0003510,0000100,0004720,0001770,0000090,0000000,0000000,0000940,0003610,0000000,0000000,0000000,0000000,0000000,0000000,0000000,0000000,0008980,0000000,0000020,0000000,000112
   щ 0,0003430,0000000,0000010,0000000,0000000,0012990,0000000,0000000,0005650,0000000,0000000,0000000,0000000,0000290,0000000,0000000,0000010,0000000,0000000,0000990,0000000,0000000,0000000,0000000,0000010,0000000,0000000,0000000,0000210,0000000,0000000,0000000,000006
   ъ 0,0000000,0000000,0000000,0000000,0000000,0000000,0000000,0000000,0000000,0000000,0000000,0000000,0000000,0000000,0000000,0000000,0000000,0000000,0000000,0000000,0000000,0000000,0000000,0000000,0000000,0000000,0000000,0000000,0000000,0000000,0000000,0000000,000000
   ы 0,0000000,0001290,0006740,0000740,0001840,0006820,0000220,0000760,0000070,0013580,0001090,0017350,0009440,0002440,0000000,0001040,0002880,0007800,0006710,0000010,0000000,0006870,0000090,0001590,0003500,0000110,0000000,0000000,0000000,0000000,0000000,0000030,004599
   ь 0,0000000,0000610,0000050,0001670,0000170,0004430,0000010,0001020,0001120,0000000,0014870,0000000,0002990,0011790,0000050,0000010,0000000,0008150,0001470,0000000,0000050,0000000,0000560,0001950,0003080,0000170,0000000,0000000,0000000,0000000,0003050,0003860,011197
   э 0,0000000,0000000,0000050,0000050,0000010,0000000,0000000,0000010,0000000,0000050,0000360,0000130,0000150,0000070,0000000,0000230,0000010,0000070,0028440,0000000,0000090,0000140,0000000,0000000,0000050,0000000,0000000,0000000,0000000,0000000,0000000,0000000,000015
   ю 0,0000000,0006200,0000000,0000020,0002880,0000010,0000080,0000100,0000000,0000000,0000310,0000090,0000240,0000680,0000000,0000020,0000520,0001670,0003040,0000000,0000090,0000050,0000060,0001030,0001460,0002020,0000000,0000000,0000000,0000000,0000350,0000000,003562
   я 0,0000000,0000120,0002950,0000600,0003650,0001190,0000980,0001620,0000230,0000340,0004150,0007030,0003190,0004510,0000000,0000260,0000310,0005010,0013810,0000000,0000000,0001340,0000740,0003150,0000120,0001650,0000000,0000000,0000000,0000000,0001140,0000650,011258
   _ 0,0032970,0068970,0168780,0036710,0073970,0043340,0023710,0045710,0125310,0000010,0079580,0026220,0073690,0161360,0106370,0154860,0034690,0163150,0109250,0047870,0009730,0015130,0003290,0059210,0005210,0000510,0000000,0000000,0000000,0029770,0000830,0027080,000000

NO SPACES:
symbol 	num 	frequency
о	162009	0,11388465
е	126830	0,08915548
а	109637	0,07706962
и	96289	0,06768660
т	93717	0,06587861
н	87517	0,06152030
с	75368	0,05298013
в	66264	0,04658045
л	64161	0,04510214
р	57810	0,04063769
м	47396	0,03331714
к	46444	0,03264793
д	45176	0,03175659
у	41234	0,02898555
п	37816	0,02658286
ь	29765	0,02092338
я	29460	0,02070898
г	27432	0,01928340
б	25771	0,01811579
ч	25563	0,01796958
ы	23904	0,01680338
з	21866	0,01537076
ж	15857	0,01114672
й	14347	0,01008526
ш	13784	0,00968950
х	10948	0,00769593
ю	9720	0,00683270
э	5168	0,00363286
ц	4824	0,00339104
щ	4066	0,00285821
ф	2428	0,00170677

bigram frequency matrix:
            а       б       в       г       д       е       ж       з       и       й       к       л       м       н       о       п       р       с       т       у       ф       х       ц       ч       ш       щ       ъ       ы       ь       э       ю       я
   а 0,0003990,0012600,0054630,0012500,0029270,0018660,0020110,0040280,0017050,0009330,0077660,0092710,0050000,0057330,0011460,0026400,0027580,0061210,0060280,0005310,0002240,0011580,0000680,0015040,0013180,0002540,0000000,0000000,0000000,0003870,0010750,002247
   б 0,0007250,0000060,0001830,0000030,0000350,0025850,0000030,0000130,0013130,0000000,0000960,0009760,0000510,0003920,0027770,0000180,0013030,0002290,0000300,0013320,0000000,0000510,0000060,0000490,0000150,0002070,0000000,0045520,0002400,0000900,0000010,000834
   в 0,0063960,0002150,0003790,0003020,0014640,0063210,0000670,0005880,0043840,0000000,0006090,0010110,0004340,0019080,0084960,0009770,0007880,0053650,0008880,0007890,0000130,0000960,0000600,0003140,0008600,0000250,0000000,0029160,0002860,0002990,0000060,000325
   г 0,0011060,0000540,0001640,0000310,0015830,0003210,0000060,0000790,0008340,0000000,0001600,0013830,0000770,0004280,0106530,0001970,0011800,0001830,0000690,0006680,0000050,0000070,0000000,0000540,0000110,0000000,0000000,0000000,0000000,0000110,0000010,000018
   д 0,0062750,0000530,0008720,0000450,0000620,0051400,0000180,0000530,0028850,0000000,0003220,0008210,0003390,0021830,0048340,0001790,0019440,0006470,0002720,0020680,0000010,0000560,0003920,0001340,0000720,0000000,0000000,0004970,0009700,0000180,0000070,000598
   е 0,0003670,0026830,0036300,0050510,0051630,0021050,0013100,0023510,0017430,0025320,0023210,0065300,0063350,0102010,0016480,0038460,0071190,0076200,0074600,0008790,0000730,0010230,0007220,0019600,0021260,0010170,0000000,0000000,0000000,0004130,0003360,000592
   ж 0,0013850,0000330,0000410,0000210,0009360,0052620,0000080,0000180,0015740,0000000,0001620,0000290,0000180,0008970,0000830,0000340,0000090,0000360,0000840,0004020,0000010,0000020,0000010,0000170,0000000,0000000,0000000,0000000,0000480,0000120,0000010,000034
   з 0,0052950,0002260,0011440,0003620,0009230,0003700,0000900,0000930,0004860,0000000,0002050,0003610,0003920,0024020,0009080,0001930,0003230,0001880,0001140,0003280,0000030,0000100,0000100,0000530,0000160,0000000,0000000,0003770,0001560,0000180,0000020,000325
   и 0,0004390,0017590,0053690,0010900,0028600,0026880,0005270,0029020,0017970,0014120,0035830,0064450,0041510,0054840,0014980,0023750,0012170,0046590,0075860,0007330,0001200,0020480,0007730,0027720,0011270,0001470,0000000,0000000,0000000,0002640,0003610,001503
   й 0,0001850,0002470,0006240,0002350,0006780,0001280,0001400,0001720,0006570,0000000,0004980,0001230,0004880,0009210,0003800,0007640,0002920,0012080,0008070,0001750,0002400,0000650,0000740,0005630,0002540,0000040,0000000,0000000,0000000,0000840,0000130,000069
   к 0,0082150,0005720,0007440,0001170,0002330,0006900,0001390,0001060,0032230,0000000,0002600,0008130,0002180,0012440,0093960,0003590,0018900,0008470,0011160,0018740,0000310,0000490,0000260,0002150,0000210,0000030,0000000,0000000,0000010,0001270,0000010,000119
   л 0,0058040,0003520,0008240,0003680,0003140,0056520,0003710,0001760,0075900,0000000,0006970,0001710,0003410,0009860,0067920,0006190,0001220,0023290,0004740,0017660,0000430,0000490,0000050,0006210,0000260,0000010,0000000,0006900,0044950,0001220,0015910,001712
   м 0,0029980,0003410,0008930,0003160,0004770,0050580,0001460,0002020,0045780,0000000,0004860,0003870,0003770,0027880,0053420,0010140,0002630,0012060,0005290,0033850,0000580,0000840,0000150,0004630,0000410,0000320,0000000,0011080,0000790,0001280,0000060,000517
   н 0,0109810,0002900,0006160,0001500,0003930,0124890,0000380,0001640,0079060,0000000,0004760,0000630,0002330,0032940,0118110,0004390,0001690,0007380,0006270,0029950,0002080,0000370,0002060,0003500,0000380,0001160,0000000,0028720,0016590,0000630,0002210,001878
   о 0,0003740,0054820,0120700,0063170,0065560,0033330,0028810,0020460,0028850,0033370,0033610,0064400,0071280,0090890,0022190,0040980,0070260,0095880,0099570,0011040,0001930,0006350,0001610,0037000,0009690,0002210,0000000,0000000,0000000,0005220,0008860,001305
   п 0,0016110,0000010,0000030,0000010,0000020,0024990,0000000,0000010,0010210,0000000,0000730,0007020,0000000,0001620,0102980,0000640,0083930,0000380,0000750,0006980,0000020,0000000,0000160,0000360,0000180,0000080,0000000,0002010,0001240,0000010,0000000,000536
   р 0,0077180,0001050,0005340,0002320,0008980,0063330,0003140,0000860,0063350,0000000,0002720,0000470,0002250,0007490,0082450,0002930,0000250,0002480,0005830,0031590,0001280,0001280,0001720,0000870,0002400,0000140,0000000,0009970,0010840,0000160,0002720,001098
   с 0,0024060,0001960,0021880,0001300,0003920,0057280,0002170,0001080,0018980,0000000,0037430,0034620,0016820,0014630,0033090,0023290,0002090,0011960,0120220,0011240,0000300,0002580,0000670,0005330,0001220,0000020,0000000,0003440,0029440,0000760,0003400,004462
   т 0,0067460,0005030,0034370,0001600,0005020,0071030,0001090,0001860,0051020,0000000,0008820,0003600,0003640,0017880,0180590,0006900,0033970,0019010,0005570,0019200,0000270,0000770,0003370,0006340,0000180,0000110,0000000,0021060,0074130,0001680,0001760,001147
   у 0,0002090,0013060,0015620,0019040,0025580,0004130,0020540,0004810,0007640,0001830,0011210,0013900,0017810,0013580,0004370,0016390,0006230,0019600,0022270,0001590,0000630,0004470,0000170,0015840,0011360,0003060,0000000,0000000,0000000,0001230,0009720,000207
   ф 0,0001830,0000020,0000030,0000000,0000020,0010210,0000000,0000010,0001440,0000000,0000000,0000200,0000030,0000020,0001290,0000000,0000640,0000100,0000040,0000510,0000250,0000000,0000000,0000000,0000000,0000000,0000000,0000110,0000210,0000000,0000000,000012
   х 0,0005740,0001270,0005150,0000840,0001950,0001390,0000420,0000740,0004880,0000000,0001640,0002900,0001910,0004280,0026490,0003720,0002380,0004400,0002380,0002070,0000140,0000270,0000110,0000770,0000320,0000020,0000000,0000000,0000000,0000430,0000010,000035
   ц 0,0009110,0000160,0000910,0000120,0000250,0009770,0000060,0000280,0002460,0000000,0000470,0000060,0000220,0000560,0003080,0001170,0000120,0000410,0000410,0002240,0000210,0000050,0000010,0000190,0000010,0000000,0000000,0001320,0000040,0000110,0000010,000008
   ч 0,0028800,0000220,0001200,0000130,0000340,0041870,0000020,0000180,0022520,0000000,0005850,0000290,0000300,0008700,0001430,0000960,0001690,0000790,0050780,0008650,0000010,0000120,0000000,0000220,0001310,0000000,0000000,0000000,0002890,0000130,0000000,000028
   ш 0,0016340,0000090,0000240,0000090,0000080,0026370,0000010,0000020,0018840,0000000,0005360,0004250,0000250,0005790,0002150,0000360,0000070,0000060,0001190,0004360,0000010,0000010,0000000,0000040,0000010,0000000,0000000,0000000,0010850,0000000,0000040,000002
   щ 0,0004150,0000000,0000010,0000000,0000000,0015710,0000010,0000000,0006830,0000000,0000000,0000000,0000000,0000350,0000000,0000040,0000010,0000000,0000000,0001200,0000000,0000010,0000000,0000000,0000010,0000000,0000000,0000000,0000250,0000000,0000000,000000
   ъ 0,0000000,0000000,0000000,0000000,0000000,0000000,0000000,0000000,0000000,0000000,0000000,0000000,0000000,0000000,0000000,0000000,0000000,0000000,0000000,0000000,0000000,0000000,0000000,0000000,0000000,0000000,0000000,0000000,0000000,0000000,0000000,000000
   ы 0,0000860,0003670,0014200,0002090,0004860,0009860,0000780,0002520,0004890,0016420,0003350,0021450,0014610,0008760,0002680,0005680,0004370,0014680,0012190,0001530,0000110,0008840,0000160,0003280,0004350,0000150,0000000,0000000,0000000,0001050,0000020,000063
   ь 0,0003400,0004820,0013870,0004420,0005300,0009900,0001010,0004560,0012730,0000000,0024420,0002780,0008650,0028080,0008560,0011150,0002240,0021590,0010330,0003370,0000380,0001390,0000970,0007710,0004020,0000250,0000000,0000000,0000000,0002590,0003720,000702
   э 0,0000000,0000000,0000060,0000060,0000030,0000000,0000000,0000010,0000000,0000060,0000440,0000160,0000190,0000090,0000000,0000290,0000010,0000080,0034380,0000000,0000110,0000170,0000000,0000090,0000060,0000000,0000000,0000000,0000000,0000040,0000000,000000
   ю 0,0001120,0008670,0003600,0000950,0005300,0000900,0001760,0001080,0003280,0000000,0002470,0000920,0002330,0004470,0002030,0003670,0001650,0006140,0006330,0001030,0000390,0000360,0000240,0003220,0001990,0002460,0000000,0000000,0000000,0000630,0000440,000088
   я 0,0003010,0005360,0019150,0003280,0009880,0004720,0002910,0005790,0012220,0000410,0011550,0010190,0008350,0019390,0007840,0011130,0002700,0018470,0025720,0004010,0000820,0002960,0001140,0007740,0000530,0002020,0000000,0000000,0000000,0001950,0001410,000243

